with_mask 21 211 53 242
with_mask 129 187 161 219
with_mask 208 189 234 223
with_mask 350 217 395 251
with_mask 377 151 389 162
with_mask 255 156 260 165
with_mask 229 153 234 159
with_mask 155 156 161 163
without_mask 112 158 119 166
with_mask 299 182 304 190
with_mask 21 211 53 242
with_mask 129 187 161 219
with_mask 208 189 234 223
with_mask 350 217 395 251
with_mask 377 151 389 162
with_mask 255 156 260 165
with_mask 229 153 234 159
with_mask 155 156 161 163
without_mask 112 158 119 166
with_mask 299 182 304 190
